4294967279,14
4294967279,13
4294967279,12
4294967279,9
4294967279,8
4294967279,7
4294967279,6
4294967279,5
4294967279,4
4294967278,219
4294967278,104
4294967278,103
4294967278,102
4294967279,422
4294967278,357
4294967279,152
4294967279,149
4294967279,140
4294967279,137
4294967279,421
4294967278,356
4294967279,206
4294967278,204
4294967279,420
4294967278,318
4294967279,385
4294967279,203
4294967278,201
4294967279,419
4294967278,355
4294967278,354
4294967278,353
4294967279,418
4294967278,352
4294967279,319
4294967278,196
4294967279,197
4294967278,315
4294967279,316
4294967279,317
4294967278,311
4294967279,189
4294967278,187
4294967279,314
4294967279,187
4294967278,185
4294967279,312
4294967279,417
4294967278,351
4294967279,184
4294967278,182
4294967279,416
4294967278,350
4294967279,182
4294967278,180
4294967279,310
4294967278,349
4294967279,415
4294967278,348
4294967278,347
4294967279,414
4294967278,346
4294967279,309
4294967278,176
4294967279,308
4294967278,306
4294967279,176
4294967278,173
4294967279,175
4294967278,172
4294967278,171
4294967279,172
4294967278,170
4294967278,345
4294967279,413
4294967278,344
4294967279,412
4294967278,343
4294967278,166
4294967279,167
4294967278,165
4294967278,332
4294967278,302
4294967279,395
4294967294,7
4294967278,301
4294967278,300
0,5
4294967294,1099
4294967294,82
4294967294,1356
4294967294,67
4294967279,26
4294967278,299
4294967279,303
4294967293,131
4294967293,130
4294967293,129
4294967293,128
4294967293,127
4294967293,126
4294967293,125
4294967293,124
4294967293,123
4294967293,122
4294967293,121
4294967293,120
4294967293,119
4294967293,118
4294967293,117
4294967293,116
4294967293,115
4294967293,114
4294967293,113
4294967293,112
4294967293,111
4294967293,110
4294967293,109
4294967293,108
4294967293,107
4294967293,106
4294967293,105
4294967293,104
4294967293,103
4294967293,102
4294967293,101
4294967293,100
4294967293,99
4294967293,98
4294967293,97
4294967293,96
4294967293,95
4294967293,94
4294967293,93
4294967293,92
4294967293,91
4294967293,90
4294967293,89
4294967293,87
4294967293,86
4294967293,85
4294967293,84
4294967293,83
4294967293,82
4294967293,81
4294967293,80
4294967293,79
4294967293,78
4294967293,77
4294967293,76
4294967293,75
4294967293,74
4294967293,73
4294967293,72
4294967293,71
4294967293,70
4294967293,69
4294967293,68
4294967293,67
4294967293,66
4294967293,65
4294967293,64
4294967293,63
4294967293,62
4294967293,61
4294967293,60
4294967293,59
4294967293,58
4294967293,57
4294967293,56
4294967293,55
4294967293,54
4294967293,53
4294967293,52
4294967293,51
4294967293,50
4294967293,49
4294967293,48
4294967293,47
4294967293,46
4294967293,45
4294967293,44
4294967293,43
4294967293,42
4294967293,41
4294967293,40
4294967293,39
4294967293,38
4294967293,37
4294967293,36
4294967293,35
4294967293,34
4294967293,33
4294967293,32
4294967293,31
4294967293,30
4294967293,29
4294967293,28
4294967293,27
4294967293,26
4294967293,25
4294967293,24
4294967293,23
4294967293,22
4294967293,21
4294967293,20
4294967293,19
4294967293,18
4294967293,17
4294967293,16
4294967293,15
4294967293,14
4294967293,13
4294967293,12
4294967293,11
4294967293,10
4294967293,9
4294967293,8
4294967293,7
4294967293,6
4294967293,5
4294967293,4
4294967293,3
4294967279,101
4294967279,100
4294967279,99
4294967279,98
4294967279,96
4294967279,95
4294967279,94
4294967279,93
4294967279,92
4294967279,91
4294967279,90
4294967279,89
4294967279,87
4294967279,86
4294967279,85
4294967279,84
4294967279,83
4294967279,82
4294967279,81
4294967279,80
4294967279,79
4294967279,78
4294967279,77
4294967279,76
4294967279,75
4294967279,74
4294967279,73
4294967279,72
4294967279,71
4294967279,70
4294967279,69
4294967279,68
4294967279,67
4294967279,66
4294967279,65
4294967279,64
4294967279,63
4294967279,62
4294967279,61
4294967279,60
4294967279,301
4294967278,342
4294967279,157
4294967278,341
4294967279,411
4294967279,410
4294967278,340
4294967279,409
4294967278,142
4294967278,141
4294967278,140
4294967278,139
4294967278,138
4294967278,276
4294967278,136
4294967278,135
4294967278,134
4294967278,133
4294967278,272
4294967278,271
4294967278,270
4294967278,269
4294967278,268
4294967278,282
4294967278,266
4294967278,265
4294967278,280
4294967278,264
4294967278,263
4294967278,278
4294967278,261
4294967278,259
4294967278,258
4294967278,257
4294967279,259
4294967278,331
4294967279,394
4294967278,329
4294967279,393
4294967279,392
4294967279,391
